-1.359970449035877715e-01
-5.531324493069937620e-02
-1.398949674777448526e-01
-4.735132853419736498e-02
-4.940789385548061824e-02
-8.449683763295079419e-02
-8.429927895338351629e-02
-2.888822444875126239e-02
1.116568286430664053e-01
-7.559293987532338110e-02
-1.459684306398765369e-02
-2.710290915769170139e-01
-1.756877153734588970e-01
-1.470118529659384665e-01
1.329843151082988617e-01
-3.089267603862274059e-01
4.024599638981012084e-02
-1.215731419262910257e-01
-9.043491362293913649e-02
2.529266261140693528e-01
5.131562373035537805e-02
1.035583651123711188e-02
5.598664352949227901e-02
-2.525678201725170199e-02
2.792075869491646850e-02
2.974629550586957091e-02
-7.338176936649086490e-02
-5.831426482535757849e-02
-1.009539862809168548e-01
2.788527880917619425e-02
1.703473212518955004e-01
-5.953610112771731688e-02
3.086908465633912343e-02
-1.357577821397202775e-02
3.572214478935047122e-02
1.268484838647449819e-01
-9.670935814404423014e-02
-2.234109252840079177e-02
3.004574280209451609e-02
-1.195905212275178015e-01
-4.088331969317222925e-02
-1.955011181343282445e-01
-7.020383525728897747e-03
2.840648376341308179e-01
1.348878590077413619e-01
1.530375237020598512e-03
2.502978011294991131e-02
-6.986636323289859007e-02
1.563782562813499089e-01
-1.098274643922818039e-01
-1.344296582879824474e-02
1.965125908872709590e-02
-1.032985312419337914e-01
8.512432955326897088e-02
2.607846742838021079e-02
-5.679076315750871545e-02
-7.300026221039482288e-02
2.350617435669180230e-02
1.542813282775011008e-01
-1.950664342880896462e-02
-4.852945662258401072e-02
1.181495306639690143e-02
9.655874726355159754e-02
1.828494852030787543e-01
5.542869559534187827e-03
-1.095483438564133633e-01
-1.104645557526011488e-03
-7.620328453940215796e-02
4.256108449981071962e-02
-2.848953466168989423e-02
3.057698853003470996e-03
-1.258370631433194768e-02
-4.900408143880689849e-02
1.766839143032872261e-02
8.135896337997886724e-03
-8.673692185322486037e-02
1.619804531244794718e-02
8.406918759974169042e-02
-3.601795426497647612e-02
-4.939319333226484254e-02
-4.478992410637113591e-02
-3.185547938000765980e-03
1.012377398168868778e-02
-2.285850043547511465e-02
-7.899540676642315129e-02
1.570555006581007829e-01
-6.800087774830487763e-03
2.930277335084781609e-01
7.651640147909156975e-02
-5.970613814926534202e-02
-2.004498349118133058e-02
-2.080629500839962023e-02
2.137207559635463938e-01
-7.236461648712147476e-02
1.348163915056050516e-02
-1.557891330595157220e-01
-3.943062676810925662e-03
8.844915155353857972e-02
4.302488094076396818e-02
8.894495701824904274e-03
9.701589133095626927e-02
1.505400957093841474e-02
-2.166431465012294208e-02
4.072770606991718556e-02
8.554805056892682280e-02
3.628911023551911058e-02
-7.361191958712313965e-02
3.030733808999418535e-02
-2.625111628319757792e-02
-4.430777430518877125e-02
-3.649147810548367121e-02
-2.087637066408250600e-02
2.491122802313453788e-01
7.674474422434086895e-02
-1.948258791887924612e-02
6.015017429833192236e-02
4.800363749017291792e-02
3.303629329943073151e-02
-6.965958085980656148e-03
-1.026697442703745772e-01
5.488252071990635389e-02
-1.827742314646969499e-02
3.899050607867958484e-02
-5.230704664748462435e-02
-3.858256148704220651e-02
8.576215091041276828e-02
5.712320968086694734e-02
1.143485566925361435e-01
-2.787743879225773602e-02
-2.282592219330386099e-02
4.825764856148676007e-02
-5.773165916516799501e-02
-5.046862204113972128e-02
-1.229159307624564778e-03
3.590190982581355217e-02
5.341623651099761810e-02
-1.614404907717923235e-02
-3.341981843182594003e-02
2.669291970502460365e-02
4.759055979259121938e-02
-2.454663223160332211e-02
6.869063672478332994e-02
4.533277534367980560e-02
-2.183458860563996240e-01
-5.618830971428391552e-02
4.196677450776450241e-03
-1.727722895437042508e-02
4.094162031604134389e-02
-7.512099816486504655e-03
-1.251681478112490068e-03
7.690750458131820344e-02
2.126688794207161250e-03
-1.211188173959710200e-02
-1.039268667936478346e-01
8.675363163851700088e-02
6.718090219217662598e-03
-7.166470390544574243e-02
2.358147728281466404e-02
-5.076246500978255811e-03
2.773141311840998657e-02
-4.803419901863520414e-02
-2.027024539849394194e-02
4.500356286327493460e-02
1.302608031497266283e-01
-6.661504095732151409e-02
4.947924465803520827e-02
1.074509109419663315e-02
-5.867421801713883223e-02
-5.861266964053445799e-02
-4.407724679281925517e-02
-4.301345494343501025e-02
5.798015805656593635e-02
1.528323856639033675e-02
7.346652917947282596e-04
2.395488168348166007e-03
2.336918413762414590e-02
-8.732341257619370689e-02
-2.499375823423410480e-03
2.960715485087606763e-02
-7.959793036601853222e-03
-2.922464813578785556e-02
-1.007391696333050091e-02
-5.461667729846458874e-02
2.054059853177200509e-02
-3.667741195190597076e-02
-1.927581163885349891e-01
-5.756230931210225277e-02
-5.992812300734180753e-02
-4.674471555411015972e-02
-1.052308673587086778e-03
-4.625142390343368881e-02
1.417164893960394176e-02
-3.029643694620262617e-02
-3.119593694509007961e-02
-5.411035667228113882e-02
6.495744331496823565e-02
-6.739052023492272947e-02
2.302256410245182364e-02
-1.873356264353783288e-02
-3.944831265176147739e-03
-2.509868430298636474e-02
2.192346678851652200e-02
1.150582774758439862e-02
-7.647125842482629943e-03
7.108694326988361512e-02
-2.757141543845731402e-02
-7.032485326167499384e-02
3.772906247447414037e-03
3.382188918902825914e-02
8.905408703003417706e-03
1.051871037705284957e-02
3.221186298704115103e-02
1.619504863905007336e-02
-1.262939445860825592e-02
3.107266451579956262e-02
3.121717843482987170e-02
4.403790590680213557e-02
4.919866747845616506e-02
1.134055097497102364e-02
2.099760446079256687e-02
1.625743922009757064e-02
4.493034503505128480e-02
5.208835740755998062e-02
-5.381855026360940486e-02
7.275726967750761887e-02
-6.855845328807676220e-02
-6.585143921478152362e-03
2.677020740257993192e-02
-6.404950990343803024e-03
-5.204635704120794820e-02
1.721888076910357140e-02
3.541642794094014730e-03
-2.154788293593446272e-02
7.845283706712041782e-02
3.899176996247571969e-02
-2.549458964720475920e-03
-1.941908781315239071e-02
2.501451351759565248e-02
5.442885070415666091e-03
1.311890757950106082e-02
-9.011028617732465273e-02
6.145755451202687680e-02
-1.662117476283243508e-02
-5.191759581642645116e-02
-3.984795314517035336e-02
-2.393201654312441043e-02
-1.021572145376213559e-03
-4.894991935108027048e-02
1.347752161301794208e-03
-1.903711478266048238e-02
6.581906818592213326e-02
-2.393964393484007344e-02
-2.367100079533293946e-02
-3.036404941598057697e-02
-3.081103733973784148e-02
3.994875728375692388e-03
-1.662374510285854201e-01
1.689413504821869402e-02
-4.207283385694256944e-03
6.507094462739911045e-02
-4.176679447809924367e-02
-5.449145439546772968e-03
-4.109975387822437792e-02
-1.468064129916467168e-02
8.187102631849621504e-02
-1.956959040198157085e-02
3.224569734423903683e-03
-3.499047544276831512e-02
-2.871468280673920501e-02
-1.350282675363241071e-02
2.368402664705870561e-02
-2.683868489307197208e-02
-3.478546377339689771e-02
1.215493472559120783e-02
5.131424971010222630e-02
-2.865698866293981198e-02
2.739455429181550383e-02
-3.371605764250248938e-02
-1.322525185877503930e-02
1.471247324197124708e-02
-1.482384468684575483e-02
-5.447050474202313336e-02
1.711184432822225251e-02
3.838973895567760614e-02
1.165862733808029905e-01
5.917740320211525157e-02
2.748255986362360681e-02
2.485714211141165642e-02
-4.722641154643928557e-02
-2.962519454558019960e-02
-3.376391512015405189e-03
7.774070435119292966e-02
-2.948451260654700885e-03
-4.536604220759248018e-02
-4.704379813012455475e-02
1.021890675044433670e-02
4.536553619463649240e-03
7.587071851690984151e-03
2.177372713495919626e-02
3.351886042000867122e-02
1.304307123018077878e-02
-1.382938564515118554e-02
-5.945439081154196143e-02
2.434685116186705717e-02
-3.073815314652149008e-02
4.150531429932976385e-02
1.056216049260673591e-02
-3.690971578346211989e-03
5.616115488448133151e-03
-1.286938771872298166e-02
-4.535413020028988135e-02
1.094910822229182637e-02
7.486487030524666131e-02
-2.502399826288884827e-02
-2.562224319574203310e-02
-7.579578138465249693e-02
3.034975648482907476e-02
-9.417520788184294278e-03
-3.285629539998440041e-02
-1.193381654284775273e-02
2.014320323209133068e-02
-1.184789771263097292e-02
1.220155164185467156e-02
7.499828335557527648e-02
-3.169568570159249365e-02
3.932709423459265427e-03
1.613396159149428979e-02
-5.995131284541231620e-03
4.881125572432019194e-02
-4.704613583462050053e-02
-3.713230279268023987e-02
7.630137941378972721e-02
1.182086034973301066e-02
-3.186144370811294646e-02
8.595498468909455736e-02
6.257015029594322972e-03
7.008389458601337052e-02
1.239055382895345829e-02
-1.247288978226487183e-02
6.408314625416618171e-02
-1.142700393272205912e-02
-1.799437928595131950e-02
8.470383172812677441e-02
8.330122627059113318e-04
5.067964057282494522e-02
1.856849139874447788e-02
1.956263203380856006e-02
-1.275997046842908267e-02
1.170385619112744753e-02
5.490214220601875167e-02
-9.391799749641717779e-03
-1.853608106136050634e-02
-4.665849434415217378e-02
5.543940976915742030e-02
6.807696987243148576e-03
6.807696987243148576e-03
-2.258865963637210483e-03
-6.335414112081150240e-02
-1.868632460378176832e-02
-3.111188370041694309e-02
6.271208605428831018e-02
-1.193586368225590943e-02
3.208497406555130965e-02
4.895597650080607544e-02
2.795955151748923465e-02
-1.799088557232280533e-02
1.696898792308794771e-02
-2.117966771815543540e-03
-1.824241262280259374e-02
-2.697771962338243665e-02
-3.552606060590889070e-02
2.550294571157236609e-02
-2.331131598371262784e-02
3.871217671140619182e-02
9.948421971526404117e-02
-2.509030789146768359e-02
5.418839839150960125e-02
3.302882396794584036e-02
1.239773322143813451e-02
1.639919817394699594e-02
8.165981682326065028e-02
-8.969373946753254889e-03
-3.577817909016163430e-06
-5.193301629034314387e-02
-2.904835842560275078e-02
3.433991889046351248e-02
6.481626965546650326e-03
-3.796250843033383698e-02
-2.694069119718799869e-03
-3.947549883628127983e-03
6.230517938614662209e-03
1.215231356639716147e-02
-1.915179069322225924e-02
-2.678576228481689952e-03
1.449498038222639049e-02
5.402291512298179610e-02
2.123532315548370270e-02
-2.240827274918940487e-02
-4.618912981027113035e-02
4.720847759282931905e-03
9.617554562639746285e-02
-3.203733859736785511e-02
2.456351050977659614e-02
3.560450381604324255e-03
-5.399070643531528151e-03
1.375789673195983338e-02
1.885463559611431916e-02
-1.585164529825171600e-02
3.524932736649528248e-02
2.358525124669058268e-02
4.279111461790102017e-02
-3.199089671750848796e-02
3.197124315362734337e-02
-1.387045537663910387e-02
-2.947104899289809676e-02
2.010386329744643513e-02
7.136672510389728899e-03
5.535708855078336210e-02
1.247963529384314013e-02
5.518474004602309108e-02
2.026054568760183791e-02
2.314548541045046565e-02
-1.648561142741599220e-02
3.294500193613021134e-03
-1.486398568678834117e-02
1.471906276887208730e-02
-2.719288243098805236e-02
1.314570130581399086e-04
-4.386688746714013931e-02
8.722366774386565783e-03
-9.619804361652424182e-03
-6.466283767652178383e-02
2.652056169727206106e-02
-4.273941709027503227e-03
-1.760235861357080031e-02
-4.986339758438777282e-03
2.218151927072280899e-02
3.325849217801192526e-02
3.746471829304968970e-02
-1.854933521598371715e-02
-4.017691355157475275e-02
8.558827075355939992e-04
5.175060234878731125e-02
-2.068927347743713258e-02
-2.219046715425003480e-02
-2.843681115576500787e-02
-1.185037290225755650e-02
-4.076293492233690197e-02
1.238691761692844832e-02
-2.027503924404180317e-03
1.154283643660216491e-02
-2.208313271767747138e-03
1.419126295550406265e-02
1.155751740134314774e-02
1.162873748736043510e-02
-1.161971877059203920e-02
-9.799420786165816133e-03
-7.825543279939778732e-03
-5.088947722472286772e-03
3.316892140929495608e-03
5.416069631206424373e-02
-3.882208014574677762e-02
-4.046297428179880529e-02
-3.998814714019210959e-02
-1.062348551814247793e-03
-3.436890635728355459e-02
3.936273665314418690e-03
-2.081665581525596678e-02
4.590842453118491005e-03
-4.204581596919370473e-02
2.439031218993316721e-02
3.016193600385081840e-03
5.048235489762273320e-02
-3.679449620227827344e-02
-8.921621463950413916e-03
-7.127007001727668663e-03
4.207638840194594110e-02
-2.762476414845442194e-02
1.243126345199398707e-02
2.204119874955599856e-02
2.842780095841252255e-02
-1.402427793257645522e-02
-1.474857222263527105e-02
-2.731449368337920958e-02
-1.858953810530986420e-02
-1.930512785745397072e-02
-3.829818070146091130e-02
1.805129847639782431e-02
-7.575156893648109062e-03
1.845595961822753608e-02
7.827432314162162050e-03
5.459205786920214715e-02
-1.806574025809849077e-02
-1.166405456647216093e-02
-3.350052969430647454e-02
4.705165952667325971e-03
-2.804451486326758891e-02
4.512112386563096877e-02
1.202368673300528365e-02
1.796616635683781884e-03
1.258322765342808312e-02
-5.460983684258726052e-03
2.748928348742225164e-02
6.264161449281847871e-02
5.779698381783459661e-03
-1.883431977136927615e-02
-1.080809989765194740e-02
-1.761939068685484597e-02
-1.020997863537638148e-02
2.125032312249043945e-02
1.207013918264165583e-02
2.456802403790870823e-02
5.563101889068269856e-02
2.239874235824400317e-02
9.838630607371338238e-04
-1.759151928422932748e-02
-2.937897397967858398e-02
-1.050078702685507473e-02
-3.363488716126792483e-02
-6.809516647732826410e-03
2.621427589924872972e-02
-2.697170269899291321e-03
1.399145313250880519e-02
-1.983565606501154141e-02
-2.106333318410799280e-02
1.535732839208931669e-03
-5.788517593756732117e-03
-4.862921214824402275e-03
1.729329784513017635e-03
-2.049500036979502726e-02
1.235506480222345500e-02
-1.864134850770627835e-02
-1.726871176223971835e-02
-1.082993460224779790e-02
-3.247371618182345182e-02
-1.519805935611432453e-03
-6.139096786647391460e-03
-2.688413129594958290e-02
1.144651345243564988e-02
-5.167088652222293077e-02
3.098886549829564171e-03
1.680872554565983334e-02
2.825321550509458934e-02
2.688570108895345801e-03
2.128115829297356001e-02
8.619075175161838506e-03
4.002873240716888631e-02
6.655043905602057996e-02
7.210266334715473985e-03
-5.409048858858969688e-02
-2.398159263157665505e-02
4.098233173536117158e-02
-1.811024081185131154e-02
-4.807050849701064062e-03
7.058255070465083679e-03
4.225859883019519175e-02
3.355814191598693180e-02
-3.022823258607921365e-02
2.823342912363708754e-02
5.781696309987090221e-02
3.305365412075681603e-02
3.247563174992175016e-03
-2.301636304408915396e-02
2.252175233841696711e-02
2.149332371198834843e-02
4.233351438603305539e-02
-1.463502912820365508e-02
-1.730229643134489903e-02
-5.711254849939609995e-02
-2.576063276199051875e-03
-1.508841281409353981e-02
3.265045501170687342e-02
3.416032605603935152e-02
4.046593153792850221e-03
-3.011293216646677637e-02
-3.600360456897537531e-02
-1.239971646341241421e-02
-4.550752201262202312e-02
9.133207577665586330e-03
-1.501549736600494254e-02
-1.377128909942740807e-02
-5.044573263363610893e-02
-1.219090844921404300e-02
4.725194475904186987e-03
3.102322428907262897e-02
-1.072862317413845155e-03
-3.454558088797230614e-02
4.368715240815325418e-02
6.562918581939452406e-03
1.028062984021865453e-02
1.388439159761574795e-02
-1.898267436563899754e-03
4.197104645925760907e-02
-2.110325610711139346e-02
-3.159800339850766387e-02
-4.359576373646095390e-03
5.819891719771225908e-03
-2.365899771791346584e-02
-1.769986139160110647e-02
-3.492786330632617533e-03
4.603581792953667651e-02
-7.050882496405234262e-03
1.121346397566304678e-02
-4.909366461729759972e-04
1.884294634338621807e-02
-1.994690427880909528e-02
9.939402833155439997e-04
1.280835482906100310e-02
9.929879414171696034e-03
1.078733269194401788e-02
-7.403185400905644246e-03
1.003678545637270297e-02
-2.500139763284537861e-04
1.496669122665108577e-02
5.086656407599352003e-02
-1.556471670260077544e-02
-2.441668928421828269e-02
-4.289152503817056372e-02
2.172960156937294232e-02
8.360666558794990419e-04
-8.474280398298044553e-03
-4.650052325637527711e-02
2.606323834742838713e-02
2.471111898805231077e-02
3.402832165216428117e-02
-1.750608787899680940e-02
3.793007578664642221e-02
-2.635346302411287894e-02
2.353219243946095673e-03
-1.949046219251925277e-03
-2.667025009468874247e-02
-1.711325286970240625e-02
-1.607332714919027655e-02
1.575972746730360668e-02
-3.759882298803917527e-02
-4.711173630736279101e-03
-2.000714671409161913e-02
-1.084087788574753094e-03
1.604047479978039370e-02
-6.245434284953147244e-03
-3.157624116318248630e-02
1.845847286448647553e-02
6.056850186622272231e-03
1.565420276097008803e-02
-1.400797058153371681e-02
-1.472773595871622581e-03
2.229267704940627801e-02
2.859091934677406455e-03
-1.254058429710227553e-02
-2.270122934793445194e-02
2.386717718389306381e-03
-2.239295783758052036e-02
3.351896546871527965e-02
-1.905464653373393005e-02
2.535690124221158179e-02
3.400507568200023152e-03
3.248739681916550104e-02
-2.122334812444606061e-02
-2.275078550004467140e-02
8.439142124498601920e-04
6.260969240568016458e-02
-1.906159956844332565e-02
-2.210907941421266093e-02
-3.086577897317156760e-02
-2.530857978975176864e-02
2.528765342907719066e-02
2.856482264910337188e-02
2.597021717422274417e-02
-7.684931480022119156e-06
4.442291574375097779e-02
2.020124975515945678e-02
5.015862580076551475e-02
7.789887807352154428e-03
-4.007289090173546398e-03
-1.840439798979204636e-02
4.452332986524495592e-03
2.033474131585048111e-02
9.035609576746121349e-03
-1.737735297713045857e-02
1.301989586148019629e-02
6.387226057335492445e-03
2.394443081620820091e-02
1.340256726446510151e-02
1.276345935395419018e-02
-1.958419483246512036e-02
4.082647253797686004e-02
2.279097385322071193e-02
-3.411396703349178772e-02
-1.987342708508788719e-02
-2.812863700304737286e-02
5.023502983229677366e-02
-1.554861085890301732e-02
-2.568512236742422766e-02
-9.201506634132137347e-03
2.186117923022560042e-02
-1.214490528229827428e-02
9.374238776838619489e-03
-1.746400327367720814e-02
-1.140070547475873809e-02
-1.945283978889461238e-02
1.090345782848505495e-02
1.587652590270319589e-02
-2.097186953773839263e-02
-1.438917058607621204e-03
1.315690099971014541e-03
-2.021969515789024188e-02
2.690748578263857729e-02
-2.569194031896069458e-02
3.790707643966924334e-02
-2.841316337812896733e-02
-3.391479095424002055e-02
-5.828197383509732890e-03
1.278687031610507103e-03
-2.290626016810826115e-02
4.092966098384746843e-02
-2.621022749468560065e-02
-9.650319612800076219e-02
-5.731346286061330883e-03
5.289714498762496803e-02
1.509260031390677933e-03
-4.078141587909384774e-02
-1.716583785226880737e-02
-1.537442688850668149e-02
1.088903939307803680e-02
1.625150358672524872e-02
2.249672640948442021e-02
-2.163144548724445920e-02
3.661809816210021256e-03
-1.657056914446135981e-02
3.097560991023781685e-02
-1.154981151159680149e-02
-3.872595514468937881e-03
-1.217185611961921730e-02
2.486005582507290132e-02
-2.643564776573208500e-02
3.630377422679040289e-02
1.762970390624428452e-02
-1.656683232115504362e-02
-1.304597698961106403e-02
-6.776284533453427088e-05
6.524303864296919497e-02
-1.309639151925426175e-02
5.477661694171182330e-03
-9.545940393805742510e-03
-2.643094491602258553e-02
3.051997549357587936e-02
-2.333583421188730259e-02
-2.127821842640667191e-02
-2.985730800450144343e-02
-1.783722680357459692e-02
-3.670124718179859202e-03
-1.987432520360225482e-02
-2.434951911580724229e-02
8.688984406427709486e-03
2.759733265665345603e-02
9.583549097236599215e-04
-3.051565568558662830e-02
-1.808728073870892461e-02
-9.370981330309424359e-03
2.610346143925069279e-02
-6.109929743878574245e-03
-9.544437671731615877e-03
-5.757534340018328513e-03
-2.776334982458088241e-02
-2.242662329915860384e-02
1.269448046666398280e-02
1.853663812122017737e-02
4.369407477217576025e-02
1.751157109633976958e-02
1.407577944928697922e-02
5.803092910320429426e-03
1.355354685390709225e-02
-3.367973798566133159e-02
4.954686593288215243e-03
-5.077025612590397446e-03
-1.990072649830868998e-02
2.888360392569827226e-02
1.459359149649403029e-03
-2.803608196659408344e-02
-1.485268212346829014e-02
1.957718029319707037e-02
-2.253885830582750324e-03
-1.892721383725386522e-02
1.232335981860479060e-02
-8.551119898000444225e-03
-7.124379882389115896e-03
1.752756988389491885e-02
-1.579551297983632346e-03
-8.541715201310279282e-03
1.896209586768028699e-02
-1.894735029701318310e-02
-2.343428503748859471e-02
-8.644739959002188667e-03
3.925663621693471252e-03
-2.785237667928468479e-03
1.266557213236079588e-02
4.563076607934747793e-03
4.723469429821961982e-03
-2.847254444562523704e-02
2.162380493024001170e-03
-1.657462504117694982e-02
-4.084403631380567959e-03
-2.145854024018959555e-03
-1.238526061989806077e-03
1.198556678170456698e-02
6.996764337769607357e-03
-2.459152908674335988e-02
-9.559241394422091781e-03
-1.961803985585337806e-02
4.450079181981028698e-02
2.182724633613334492e-02
1.796446528901781087e-04
2.887335691646384164e-02
1.177830457866331504e-02
4.035188533848110826e-02
-8.180312744876015382e-03
7.550521010526404543e-03
-3.568513744380521352e-02
1.020665312784983791e-02
-2.307814533115965308e-02
-4.026419403802029839e-02
-2.763089484902302162e-02
1.001278491256771958e-02
-1.258197593299227937e-02
-1.379492670233392962e-02
-1.316499005321819862e-02
-1.377724523546752441e-02
-1.830791990195286545e-02
-7.029539339492504868e-04
-6.798029239622837118e-04
-2.636015858873236306e-02
1.290899086740686895e-02
8.968109657114959818e-03
-1.207360282795905647e-02
1.804557688725896489e-02
-1.197944050402795745e-02
-1.273939614519698470e-02
-7.199317414357720335e-06
-3.230987271580167911e-03
1.283429286066286971e-02
-1.272287385863683166e-04
4.454593737923994226e-03
-4.170219128141054374e-03
5.597415314503125482e-03
9.664772331527527295e-04
1.063602831014313389e-02
-1.873227533372987322e-02
-1.975700293772839067e-02
4.676553422651160558e-03
-7.057681836215540933e-03
-2.368426412584404700e-02
-1.497763166365269003e-02
-1.396715188618655179e-02
2.582080167989545677e-02
1.413574051427833947e-02
-8.069455368145961316e-03
-2.076054099917923682e-02
-4.957048374313291657e-03
9.300301558507254734e-03
1.843685104783763552e-03
1.665990330174980938e-02
-1.610616543847637541e-02
-7.053935235833506262e-03
-1.529674467322137202e-02
-1.531876590082825902e-02
-1.248622269463843006e-02
1.680380663251071147e-02
-7.487173310706123769e-03
-2.886636273160967173e-02
-2.212993390209430991e-02
-2.213818924134639248e-03
-9.874689794935723880e-03
6.083458352738607688e-02
1.670958337208212473e-03
-5.641191115508062143e-04
-5.822317037543665690e-03
6.528272794890798911e-03
9.413930447495551940e-04
-1.987982223289388659e-02
-1.406782797922308259e-02
2.078204383017479874e-03
-1.037975083816822935e-02
-1.313009176815043214e-02
2.379847379460741513e-02
6.681266136910591312e-03
1.546561553779119379e-02
1.361577565988345354e-02
3.286342939882141295e-02
-1.447618310408773333e-02
7.093362771353695301e-04
-1.331238912866899125e-02
-3.094766105651391378e-03
-1.782197142693077441e-02
-7.359379476875942475e-03
-6.493112886734562182e-03
6.494230028556497586e-03
1.935261909656967125e-03
1.738794254858687383e-02
-4.840003827452438873e-03
-1.707814457866543281e-03
-1.169480157229922483e-02
-2.679857671547405690e-03
-8.286696537073002036e-03
-4.506635832365141377e-03
8.934593718297578757e-03
-3.840587532639274174e-03
-1.467016466611277374e-02
-1.201846396653000019e-02
1.513141918344531808e-02
3.906278001828676627e-02
2.660782873104826016e-02
6.262165102680456678e-04
1.752639472141638945e-04
-1.426120528515256725e-02
-7.753755650529030145e-03
-1.631084141746746161e-04
-1.206961139096972627e-02
3.651236494921272085e-02
7.119100535342062080e-03
-1.463450147763525194e-02
-1.039901647210934345e-02
-1.076176348016636038e-02
-1.914809587505022365e-02
5.069063429961813937e-03
1.494659719238844008e-03
1.120950464179120733e-02
-2.269393412904489177e-02
-1.493452199075812926e-02
6.361293476248960042e-03
3.889507918291570769e-03
1.013983088643262767e-02
4.595620762915327180e-03
1.885370006109529650e-02
4.467004177569362973e-03
2.789067623256920574e-03
-8.691250112938473868e-03
-3.991492898572453663e-04
-6.488792507479740693e-03
1.217895884152913819e-02
3.117187439373166405e-02
-3.882855704072236437e-03
-1.189900468626996395e-02
-9.679897692463598421e-03
9.017685682166737488e-04
7.628727813188847066e-03
5.898521747746405045e-03
7.312438285788797239e-03
-1.592595958911910761e-02
-7.919102500358994601e-03
2.528846664920529185e-03
-1.394033364770757774e-02
6.588436132538885714e-03
2.060396461608059171e-02
-6.778943059098035441e-03
-1.145642433672366955e-02
2.016312434222924943e-02
7.419228544003152355e-03
-1.233980937023744159e-02
8.595195510234054578e-03
-9.474765721184349662e-03
1.006213706032406093e-03
2.830759121681197463e-02
2.098756460663089157e-02
-2.717676663987711461e-02
1.074185592115775231e-02
7.646768921807756830e-03
1.093405165256716542e-02
2.489672397745873109e-02
-1.906576528525116832e-02
-2.146769559702075246e-03
-1.610257477051577416e-02
1.161415359350136123e-02
1.145128799368905215e-02
-1.516372982377058552e-02
-5.830905659549451454e-03
1.188660042465931356e-02
7.354263050791337054e-03
-2.362819150081773342e-03
1.735399962212359759e-02
-4.360683229088408580e-03
-9.921411798062605356e-03
6.243480082354662189e-03
-3.036005816359570696e-03
-8.500533245622818312e-03
-1.357782672372614616e-02
-2.753172109321153777e-02
1.501824223623448662e-03
9.509933040055599390e-03
1.913032855798377924e-02
2.503120739695196759e-03
6.109455195156335283e-03
-1.566718140438383422e-02
-4.307326542689221029e-03
-1.776200342673808080e-02
-2.896114004696204169e-02
1.369044551315806019e-02
2.585175695304621490e-02
5.699447282494736651e-03
-1.853546765593118428e-02
-2.404309497395564627e-02
-1.631687833802470192e-02
-1.163465256085325673e-02
-1.532140468801821212e-02
-1.268339034931031777e-02
-8.803220549768153366e-03
-5.038479635297340130e-03
1.271337913142357029e-02
-3.811895287214016066e-03
2.449405926344560419e-02
-2.084821045731522632e-02
-3.262820898461584601e-02
3.697861865790442581e-03
2.326544134110705014e-02
-6.647621814516911642e-03
8.155197569036452820e-03
-1.736290282554893427e-02
-3.857324978952687659e-03
-9.078360687718525085e-03
1.577275833994122925e-02
2.171090299923529674e-03
-2.741069951603289021e-02
-1.757576635755299724e-02
-1.541673480593941901e-02
1.001196789068966100e-02
2.505962365792373421e-03
-1.644693844916142109e-02
-2.038811739146208452e-04
-1.307114890680761976e-02
-8.981097636934312969e-03
-5.780830161871557647e-03
-9.339344638249197708e-03
2.971807003560684307e-02
-7.493372470117231482e-03
-4.084724661795459226e-03
8.134733247656198828e-04
-2.550036659340192829e-02
2.636695536856739283e-02
-2.494512941722078214e-02
-3.261300956443076177e-03
-2.056778187907738753e-02
4.813661022756764683e-03
1.875810908620088521e-02
7.433214657565383708e-03
2.483481811592470889e-02
-2.035704045518432412e-02
-4.800512592637533500e-03
-2.537617668376506222e-02
1.677687468825037748e-02
1.264300430612925671e-02
5.587636212615448676e-03
-1.335896051004354691e-02
-1.495356323837485242e-02
-8.233969122532627111e-03
8.478303837132222451e-03
8.766370267516983283e-03
-1.155835337147718793e-02
4.970276883255792325e-03
2.380698592227530747e-02
7.133278479696338915e-03
-1.172039781628406857e-02
-2.017361648658705375e-02
7.203335995506298002e-03
-1.612449276779474513e-02
-2.150934332408432556e-02
5.601160739816694011e-03
1.303056226263729460e-03
8.594267405154279102e-03
4.788992336700886518e-03
-2.579342461667291295e-02
8.593681893164771893e-03
1.136659085516724711e-02
2.187792778492863091e-03
-1.253668858745527609e-02
6.354082385117314387e-03
1.018737359441391696e-02
1.106451710076299631e-02
-3.349631755303162078e-03
-1.337028931925343493e-02
3.245031287223761052e-02
1.515499039330659055e-02
6.820922491317789500e-03
-1.975572993233912916e-02
3.112959234988084325e-03
1.181488916839094948e-03
-2.059439796391862934e-02
-1.897140321713664327e-02
-1.721096608849907381e-02
-1.407373700830963185e-02
1.206766782633255514e-02
-1.398126659412245697e-03
-8.822252055686315847e-03
-8.418632180248766111e-03
-5.484423915385197752e-03
-4.757415771504335325e-03
6.678723375478709014e-03
-3.229507150400025978e-02
-1.509762020192190538e-02
1.113024580922483513e-02
7.182829578824237449e-02
8.322089620473196656e-03
-8.154297216930206024e-03
3.745222395192886883e-02
2.776915130051801819e-03
-1.187303835155831787e-02
3.669620033860257653e-03
-2.542596741092379570e-02
-1.897028056880583832e-02
3.192686026333244748e-02
-8.972547531248417640e-03
-2.362822131090840105e-02
-7.308853525119588142e-03
-1.451918267981974677e-03
5.041843630093969034e-03
-1.103639238517362814e-02
2.529390651962783523e-03
-6.951109867109009181e-03
6.250763717056147424e-03
-1.487265940737867581e-02
-1.343435109564437152e-02
-1.269934135508411430e-02
-1.393037863674826370e-02
-4.891042773429171578e-04
1.277319779033675093e-03
-1.380000381674269770e-02
-5.066747236392540876e-03
-6.096820463013069916e-03
9.266724044511766289e-03
7.252010632394706620e-03
-1.269655221000004323e-02
5.342239262826899496e-03
-1.319858884233774537e-02
-3.619909279815206309e-03
3.506225331355050569e-03
-3.006369699860849017e-03
-8.033254774239947851e-04
-1.987149877727008296e-02
-4.059339694050452876e-03
-5.368172954595597929e-04
-3.643651767860993894e-03
-1.365839960267103276e-02
2.552431678148808780e-03
3.204618030377827213e-03
-8.258784841126654355e-03
-1.080925376966979275e-02
-3.848283602652204701e-03
4.623702659396112732e-03
-1.890908311202306111e-02
-1.089299697470791188e-02
-9.563465468422035695e-03
6.723767153015277817e-03
1.159157396142748188e-02
-1.421568591028923856e-02
4.704688652660543070e-03
-2.137268211907617302e-02
-8.602145048246686437e-03
-1.951853242279184483e-02
-1.286956455893337008e-02
3.852923375279115794e-03
-1.632080904421442588e-02
-5.289061274677759120e-04
-7.207883001678689304e-03
-9.950244345074904864e-03
-5.645409008766101230e-03
6.631426094177923433e-03
1.766472850256801952e-02
1.247532879035051327e-02
-1.003580587364751898e-02
-1.799328025093823585e-02
-7.129791903117131333e-03
-3.995641382592581177e-03
-1.108003570283403773e-02
3.715208524046274049e-03
-1.335798888340992453e-02
-3.429515109683195419e-03
2.594157543011663776e-04
2.818925606729997852e-04
1.038196289153428369e-02
-4.067955494761280391e-03
1.596138646102875829e-03
7.181940506448379266e-03
9.385272289166954329e-03
9.826538087029069123e-05
2.152168434307731582e-03
-1.444537552547041186e-02
-1.688332652702345324e-02
-7.319080807590697818e-03
-1.580637427541935897e-02
-1.454557664243521023e-02
-3.391122902888217550e-02
-1.974813105563700752e-02
-5.390058296186057973e-03
9.444163566049988343e-03
6.592834491105402546e-03
-6.287879353625108053e-03
-6.065849978536947545e-03
2.245425227493511987e-03
-7.354824009808759964e-03
1.295875616742225324e-02
-1.848190307819983088e-04
-5.663986645153654652e-03
6.406297339866960129e-03
-1.314264519892136343e-02
-1.589001012130197149e-02
8.685287816238135977e-03
1.236738836483069516e-02
-1.369397568002562841e-02
1.120871987217864421e-02
6.807696987243148576e-03
6.118043342819582710e-03
-7.096719710103701999e-03
9.670536500692598902e-03
1.558359758190865064e-04
-5.630118741457050199e-03
2.385122538138299050e-03
5.643762606068408218e-03
-1.859347453196864060e-03
2.204408701451529909e-02
2.896635546643455596e-03
-2.107454378917294341e-02
-3.686662173383706102e-03
-6.518373620730578966e-03
6.035222660112752897e-04
1.318991451743489231e-02
-6.966289996798435101e-03
-2.024782113297527374e-04
-6.220240818357944054e-03
-4.767613103718017220e-03
-1.115995512179236357e-02
-9.715955724809995087e-03
-2.139954222359354702e-02
1.585645117473937979e-02
2.160430931494657526e-03
7.722111950621493993e-05
-5.292338065408199637e-04
-3.460468273499573214e-03
-8.077438540611591236e-03
6.023185835930600258e-03
-6.287034508069539937e-03
3.738068939476523692e-03
7.613470583752552159e-03
-1.373058567159432400e-03
-3.152106095540600783e-02
8.988652887594501123e-03
-1.017868528453259999e-03
-1.307416634851121633e-02
-1.062175006773408278e-03
4.998990799537336759e-04
-1.787022288198821668e-02
8.330680668252665039e-03
9.697213327367967470e-03
-9.657290583496971892e-03
6.457677640881630959e-03
-3.095295215390428661e-04
-2.104485593815532199e-02
-2.016671359432909566e-02
-1.483620854039850723e-02
-5.648125756644506966e-03
-2.121567379120184883e-03
-3.218057133075687051e-03
-1.185330701213939842e-03
-1.212969735262541850e-02
7.314458688158397481e-04
-1.337270703266010830e-02
1.176424670120188379e-02
2.437661472957803124e-02
-3.587766316134582099e-03
-4.415851605514812053e-03
-9.485309519077885637e-03
2.072922253614404436e-02
4.317428575687158425e-03
7.816515702963534179e-03
-9.215685113957471433e-03
-2.115060196309404353e-02
2.623006682951462692e-02
5.566261144347876832e-03
-9.083238569655070066e-03
-1.780607445997626440e-03
1.006719354216227823e-04
-1.976405017774483797e-03
-4.711632637433743262e-03
2.257722942668011559e-02
1.466153017483911268e-02
-2.252027625925783188e-03
2.974371996192271862e-03
-1.978332231404777986e-02
-2.735295560483450364e-02
-3.264554411671932894e-03
-1.382680093955718573e-02
-1.026541614593278959e-02
-1.221795836547438958e-02
1.011840956678395752e-03
-2.169772246191081343e-03
-1.823782929029688169e-03
7.969513550198528348e-03
1.849229777598831656e-03
2.845289531790283835e-02
2.235177482196164939e-02
3.973159042269484333e-03
1.360651058851446984e-03
2.687716775151625329e-03
-1.301328683056759798e-02
-4.312553165000110149e-03
3.581791584908851789e-03
-1.224314310580768873e-02
-2.202790629628702517e-03
-1.493232856047383957e-03
6.397914154397113355e-03
-3.008977695714248920e-05
-1.541860355809932318e-02
-3.359275891879777171e-03
3.145840546028082132e-03
2.405983374482964857e-02
2.012936088983083814e-03
-4.714203939341713931e-03
9.409487593258450411e-03
1.521011853410013555e-02
-3.707987146925119902e-03
-9.801958363219514733e-03
-1.721615167840213206e-02
-4.156720703429529935e-03
6.318397421217355168e-03
4.615933926285810222e-03
8.187698557559927245e-03
1.258551183519775012e-02
-3.033271859419584687e-03
-1.204920156527741065e-02
-2.459040061750985412e-03
-1.167303241749281795e-02
3.878156314101294244e-03
1.040365891591981881e-02
-1.370904577174931159e-02
9.269167353456644193e-03
-1.490250567914404647e-02
-1.187291481783275468e-02
-1.359473808459262661e-02
2.014561114223336127e-02
1.542593146736988795e-02
-4.703518476873352720e-03
-1.180691336895267271e-02
-1.830485714379368259e-02
-6.273399186215378870e-03
-5.164860821614036639e-03
-2.987469619798066578e-03
1.202999792430539151e-02
1.460801862362825707e-02
-9.517011042244858136e-04
-7.422149223496200127e-03
-3.197220000318839865e-04
-9.482833192209336529e-03
-6.555481610295810571e-03
9.382808617575701809e-03
8.277110787773264006e-03
-3.492458382473407480e-03
-3.527543644460021544e-03
-6.244945167450510065e-03
3.273811423595457057e-03
1.770047538292077172e-02
1.852401117066088468e-02
1.107843697091650398e-02
6.255534545996424382e-03
1.216740683699943371e-02
-4.697323443829548193e-04
7.250309308373082198e-03
-7.292487688141308967e-03
-1.184470315128624725e-02
-1.029369021489671444e-02
-2.378517312343298492e-03
7.037799604081108884e-03
1.004844695084362513e-02
-1.256246397797056505e-02
-4.860410462219506687e-05
-4.900737644186193599e-03
-5.487281205594260469e-03
-8.112395475144888388e-03
6.874858806481856655e-02
3.054615287012747444e-03
6.771142684491715871e-03
1.392247706022923387e-02
-7.062923104520885467e-03
1.765549541093016511e-02
-1.089114392824930624e-02
1.446863797522239710e-03
4.364864835901237534e-03
3.315333006888091828e-03
-4.698171770496532146e-03
-6.159658920093335002e-03
9.474402734520378372e-03
-2.503468390439419523e-03
-5.973752610145164135e-03
-1.334510582282072075e-02
-1.849279700456414599e-02
-2.047485223858360598e-02
5.183214552377454765e-03
5.183214552377454765e-03
-5.791575090891670254e-03
-2.835473462275728274e-02
2.436481851860433992e-02
-4.775585923237020414e-03
2.684017595463543057e-02
2.401902771349077089e-03
1.266241703438861395e-02
-5.271701119238129951e-03
2.460379834414033479e-03
-1.302057206427406112e-02
-2.057982693388653306e-02
-1.269597156195850264e-02
8.460301611146291492e-03
1.285088687135269719e-02
1.184215307280823623e-02
-1.477016818360312725e-03
-2.368404587020313604e-03
-9.086091805937460131e-03
-1.067982406360853433e-02
-7.431878220712999361e-03
-1.261958450508535168e-02
-8.452628842166553516e-04
1.070126656041403383e-02
8.099327369063573021e-04
1.174617828435525584e-02
-1.249952713350008758e-02
-2.985415067627125631e-04
-6.482685912242704303e-03
4.622708537368819259e-02
9.241524165348406067e-04
-1.005944031249651587e-02
-2.390354323272499137e-02
-9.149208775157525661e-03
-1.906004153740528326e-02
-3.742507861705372807e-03
-6.403247900183797227e-03
-1.202560037372444809e-02
-1.766135889165886680e-02
-7.511686592168104540e-03
1.493101945671914191e-02
-6.617531718180495390e-03
-4.530447195810302814e-03
-1.831768000725903824e-04
5.953523404228413390e-04
-7.375094655195323784e-03
1.280702591185589774e-02
2.037441340085980723e-03
1.707351647322454674e-02
7.743766638091319167e-04
5.229853148424811089e-03
-2.297194121610215186e-03
1.760771113522441311e-02
-6.614877306040894793e-03
-1.643322801243110587e-02
1.757729248276690415e-02
9.250632484272058170e-03
3.175149101194369664e-03
-9.557315038751528283e-03
-1.244193591180358695e-02
-1.512854797580107970e-02
1.507511555593831366e-03
2.772957700600465342e-02
2.167906530932428057e-03
2.891204567688700384e-03
-2.092702307247363506e-03
2.944466813884218451e-03
-5.591244269681838047e-03
-3.236909647410275183e-03
-1.243457666040003427e-02
-7.940318282832434585e-03
-1.164426517234810020e-02
4.321237305616441871e-02
2.423376110916053341e-03
-1.005922656369837541e-02
-4.769289756182988095e-03
-1.098685106963563120e-02
-4.993027433544578418e-03
-8.798103445999650666e-04
1.423543528422539870e-03
-1.510153744999997126e-02
-4.831152094674461862e-03
-8.748020245315015278e-03
4.120106137556720470e-03
-3.344268298846144512e-03
-8.608376253206394269e-03
1.771324702086790950e-02
4.435500184839360821e-04
8.375885170254180126e-03
-2.007562730104274300e-04
-1.573390418927067200e-02
-1.518863160001180171e-02
-1.550920859098026301e-02
-3.344159427161095752e-03
1.974875859233900244e-02
1.180626699964063865e-02
-9.669027654814008749e-03
1.021534704406429394e-03
-2.054799221148875463e-02
1.045606856472740612e-02
1.979689923070789004e-02
-1.178703934090580448e-02
5.093707341411677844e-03
-3.814812324750516733e-03
4.426661434275431508e-04
-1.020173734181357809e-02
-8.939663338580441931e-03
-1.252186708607302360e-03
